3,2
3,1
3,3
10,223
10,29
10,115
10,125
10,103
10,5
10,235
10,1
10,69
10,2
10,3
11,8
11,7
11,13
11,17
11,4
11,1
11,9
11,2
11,3
9,5
9,1
9,7
9,2
9,3
8,8
8,7
8,5
8,15
8,13
8,1
8,14
8,2
8,3
0,389
12,2
12,1
12,3
20,2
20,1
20,3
19,2
19,1
19,3
34,1
34,5
28,12
28,11
28,10
28,9
28,1
28,8
26,149
26,148
26,147
26,146
26,145
26,144
26,143
26,142
26,141
26,140
26,139
26,138
26,137
26,136
26,135
26,134
26,133
26,132
26,131
26,130
26,129
26,128
26,127
26,126
26,125
26,124
26,123
26,122
26,121
26,120
26,119
26,118
26,117
26,116
26,115
26,114
26,113
26,112
26,111
26,110
26,109
26,108
26,107
26,106
26,105
26,104
26,103
18,1
26,102
18,3
26,101
26,100
26,99
14,1
14,4
26,98
14,3
13,1
26,97
13,3
26,96
26,95
26,94
26,93
26,92
26,91
26,90
26,89
26,88
